一、IMM算法
1.传播概率0.01
种子集合（体量1到20）：
S = [[13566], [13566, 290], [290, 13566, 4400], [13566, 290, 4400, 31011], [290, 13566, 31011, 4400, 1445], [13566, 4400, 31011, 290, 1445, 12838], [13566, 290, 31011, 4400, 1445, 2426, 12838], [13566, 1445, 4400, 31011, 290, 901, 1458, 12838], [13566, 290, 4400, 31011, 1445, 901, 1458, 2426, 12838], [13566, 290, 4400, 31011, 1445, 1458, 901, 12838, 2426, 7539], [13566, 290, 31011, 4400, 1445, 12838, 1458, 2426, 4718, 1104, 2436], [13566, 4400, 290, 31011, 2426, 12838, 1445, 1458, 1104, 7539, 4718, 2436], [290, 4400, 13566, 31011, 1445, 2426, 4718, 12838, 7539, 1458, 901, 3566, 2436], [13566, 290, 4400, 31011, 1445, 2426, 12838, 1458, 4718, 718, 2436, 7539, 901, 1104], [13566, 290, 4400, 31011, 1445, 1458, 12838, 2426, 901, 4718, 7539, 2436, 1104, 718, 638], [13566, 290, 4400, 31011, 1445, 2426, 12838, 901, 1458, 7539, 1104, 718, 2436, 4718, 8312, 3566], [13566, 290, 31011, 4400, 1445, 12838, 2426, 901, 4718, 7539, 1458, 2436, 718, 1450, 1104, 3566, 12844], [290, 13566, 4400, 31011, 1445, 2426, 12838, 4718, 901, 2436, 7539, 1458, 3566, 1104, 718, 20919, 638, 1450], [13566, 1445, 4400, 290, 31011, 2426, 1458, 12838, 718, 1104, 7539, 2436, 4718, 3566, 1450, 638, 901, 20919, 8312], [13566, 290, 31011, 4400, 1445, 2426, 12838, 4718, 1104, 1458, 7539, 718, 3566, 2436, 8312, 901, 6338, 1450, 20919, 17915]]

影响力：
1000次平均：
IM[[17.273, 32.951, 47.392, 62.892, 76.105, 89.528, 102.687, 113.926, 126.919, 135.773, 147.675, 158.039, 171.042, 181.31, 192.37, 199.978, 209.662, 220.297, 230.843, 241.303]]
10000次平均：
IM[16.8859, 32.9079, 48.0335, 62.4584, 77.0531, 89.7714, 102.4068, 114.1962, 125.5755, 137.4737, 147.9433, 160.0068, 170.9778, 181.4213, 191.3239, 201.5359, 210.7639, 220.854, 231.1098, 240.6539]

需要反向可达集子集数：[66834805, 44654744, 36259342, 33001808, 30208732, 28786172, 27569060, 27410282, 26318971, 26081829, 25633916, 25254353, 24944749, 24451348, 24375883, 24473874, 23972147, 24245808, 2378564, 23000000]

2.传播概率0.05
种子集合（体量1到20）：
S = [[1330], [4400, 8709], [4400, 17554, 8802], [2426, 8802, 55227, 17554], [4400, 8802, 13612, 17554, 38001], [1330, 8802, 23253, 18577, 13612, 20128], [4400, 8802, 55227, 21363, 17554, 20128, 15960], [4400, 8802, 17554, 13612, 18577, 38001, 28314, 11256], [2426, 8802, 17554, 38001, 13612, 65325, 20918, 33581, 3816], [1330, 8802, 17554, 13612, 23253, 65322, 10945, 31016, 23741, 53162], [1330, 8802, 55227, 17554, 68079, 20128, 33581, 8784, 13612, 3816, 17915], [13566, 8802, 55227, 17554, 13612, 46282, 65325, 46620, 39752, 20109, 16115, 8784], [13566, 8802, 17554, 55227, 13612, 10945, 23741, 20128, 46620, 46282, 18577, 68079, 20109], [13566, 8802, 55227, 17554, 13612, 65325, 38001, 37642, 23741, 19069, 20128, 29978, 28314, 7527], [13566, 8802, 55227, 17554, 20128, 46282, 39752, 23741, 10945, 13612, 38001, 65325, 37642, 42239, 8784], [13566, 8802, 17554, 38001, 13612, 20128, 10945, 28314, 21229, 3816, 65325, 11256, 8312, 2251, 23741, 7527], [13566, 8802, 3816, 17554, 46282, 55227, 20128, 13612, 20918, 10945, 46620, 28314, 37642, 68079, 21229, 23741, 39752], [2426, 8802, 17554, 55227, 20128, 13612, 28314, 65325, 46620, 53162, 39752, 21229, 4872, 33581, 10945, 8764, 2251, 38001], [4400, 8802, 55227, 17554, 13612, 23741, 21229, 20128, 39752, 66854, 28314, 3816, 8591, 31016, 19069, 86189, 32811, 46620, 56666], [4400, 8802, 38001, 17554, 10945, 65325, 20128, 55227, 18577, 28314, 46620, 4872, 13612, 42239, 8698, 53162, 46282, 37642, 86189, 68079]]

影响力：
1000次平均：
IM[10011.414, 10065.082, 10089.89, 10126.783, 10159.098, 10148.714, 10164.229, 10201.763, 10219.956, 10247.786, 10266.077, 10283.634, 10321.188, 10324.258, 10328.144, 10351.961, 10387.034, 10408.184, 10410.526, 10438.712]
100次平均：
IM[10078.94, 10033.45, 10051.92, 10106.56, 10094.51, 10163.18, 10214.79, 10185.72, 10218.39, 10306.09, 10228.17, 10294.76, 10342.94, 10345.8, 10323.69, 10390.97, 10335.4, 10422.24, 10402.02, 10434.92]

需要反向可达集子集数：[116213, 148690, 174938, 203883, 225164, 258222, 279839, 295757, 323622, 348421, 367291, 389984, 411528, 432258, 450379, 471841, 489993, 506201, 528219, 549841]

二、CCA和DCA算法
top-50排序结果:
S_CCA1 = [4400, 1458, 17915, 718, 6338, 15594, 638, 9796, 9514, 6218, 1450, 3433, 731, 9646, 1353, 40849, 2054, 18278, 6217, 5578, 3430, 6212, 2025, 18523, 21752, 4306, 15592, 2465, 29383, 1105, 1946, 12839, 16911, 2470, 747, 18988, 2458, 9310, 28446, 14906, 13562, 5931, 1851, 2090, 9639, 10549, 1472, 5098, 63338, 16668]

S_DCA1 = [8312, 31011, 8700, 1458, 8764, 17915, 718, 17554, 20912, 12824, 53162, 22450, 13566, 5065, 22359, 9514, 12314, 6218, 1450, 5813, 20128, 2436, 39752, 6982, 20923, 19193, 39108, 23741, 7542, 3433, 2243, 23045, 5965, 29620, 438, 731, 39688, 9646, 56666, 22199, 4317, 938, 21229, 26122, 37642, 13612, 132817, 1353, 19678, 31016]

S_CCA2 = [4400, 731, 18278, 3269, 18523, 28446, 14906, 36827, 41830, 116856, 37216, 57029, 73445, 22559, 34728, 83323, 121844, 110792, 67940, 47310, 59703, 83477, 64126, 126654, 113044, 44378, 12229, 66978, 131810, 84488, 43074, 71087, 19119, 23505, 7393, 64014, 62587, 121180, 94873, 24745, 117742, 115751, 109029, 71486, 9726, 77736, 65619, 13716, 74585, 98522]

S_DCA2 = [8312, 31011, 17915, 17554, 8802, 20128, 23741, 39631, 2243, 18577, 731, 132817, 17495, 28314, 11542, 13732, 108923, 4298, 8643, 47184, 2251, 11927, 94542, 67153, 47735, 121844, 46282, 110792, 42619, 14906, 13716, 115751, 32811, 39028, 74585, 76982, 21909, 48197, 92221, 67003, 66978, 50884, 81676, 57898, 9390, 30101, 67940, 22363, 108352, 17128]

三、蒙特卡罗贪心优化（OPT算法）
p = 0.01
优化后种子集合top-20：[4400, 31011, 1458, 718, 17915, 6338, 15594, 638, 9796, 6218, 8764, 1450, 13566, 8312, 3433, 5065, 20912, 9514, 12824, 1353]

p = 0.05
优化后种子集合top-20：[4400, 8312, 31011, 18278, 6338, 731, 718, 3269, 2243, 1458, 20128, 8802, 57029, 28314, 17915, 23741, 17554, 41830, 53162, 12314]